Notification,Time